INT[topoA, 0, -1, 1, 1, 1, 0, 0, 0, 1]
INT[topoA, 0, 0, 0, 0, 1, 1, 1, 1, 0]
INT[topoA, 0, 0, 0, 1, 1, 1, 0, 0, 0]
INT[topoA, 0, 0, 1, -1, 1, 0, 1, 1, 0]
INT[topoA, 0, 0, 1, -1, 1, 1, 1, 1, 0]
INT[topoA, 0, 0, 1, 0, 1, -1, 1, 1, 0]
INT[topoA, 0, 0, 1, 0, 1, 0, 1, 1, 0]
INT[topoA, 0, 0, 1, 1, 1, 0, 0, 0, 1]
INT[topoA, 0, 0, 1, 1, 1, 1, 0, 0, 0]
INT[topoB, -2, 1, 0, 3, 0, 0, 1, 1, 0]
INT[topoB, -1, 1, 0, 2, 0, 0, 1, 1, 0]
INT[topoB, -1, 1, 0, 3, 0, 0, 1, 1, 0]
INT[topoB, 0, 1, 0, 1, 0, 0, 1, 1, 0]
INT[topoB, 0, 1, 0, 2, 0, 0, 1, 1, 0]
INT[topoB, 0, 1, 0, 3, 0, 0, 1, 1, 0]
INT[topoB, 1, 1, 0, 0, 0, 0, 1, 1, 0]