banana[1, 1, -3, 1, 1, 1, 0, 0, 0, 0, 0, 0, 0, 0]
banana[1, 1, -2, 1, 1, 1, 0, 0, 0, 0, 0, 0, 0, 0]
banana[1, 1, -1, 1, 1, 1, -1, 0, 0, 0, 0, 0, 0, 0]
banana[1, 1, 0, 1, 1, 1, 0, 0, 0, 0, 0, 0, 0, 0]
banana[2, 1, -4, 1, 1, 1, 0, 0, 0, 0, 0, 0, 0, 0]
banana[2, 1, -3, 1, 1, 0, 0, 0, 0, 0, 0, 0, 0, 0]
banana[2, 1, -3, 1, 1, 1, -1, 0, 0, 0, 0, 0, 0, 0]
banana[2, 1, -3, 1, 1, 1, 0, 0, 0, 0, 0, 0, 0, 0]
banana[2, 1, -2, 1, 1, -1, 0, 0, 0, 0, 0, 0, 0, 0]
banana[2, 1, -2, 1, 1, 0, -1, 0, 0, 0, 0, 0, 0, 0]
banana[2, 1, -2, 1, 1, 0, 0, -1, 0, 0, 0, 0, 0, 0]
banana[2, 1, -2, 1, 1, 0, 0, 0, -1, 0, 0, 0, 0, 0]
banana[2, 1, -2, 1, 1, 0, 0, 0, 0, 0, 0, 0, 0, -1]
banana[2, 1, -2, 1, 1, 0, 0, 0, 0, 0, 0, 0, 0, 0]
banana[2, 1, -2, 1, 1, 1, -1, 0, 0, 0, 0, 0, 0, 0]
banana[2, 1, -2, 1, 1, 1, 0, 0, 0, 0, 0, 0, 0, 0]
banana[2, 1, -1, 1, 1, -2, 0, 0, 0, 0, 0, 0, 0, 0]
banana[2, 1, -1, 1, 1, -1, -1, 0, 0, 0, 0, 0, 0, 0]
banana[2, 1, -1, 1, 1, -1, 0, -1, 0, 0, 0, 0, 0, 0]
banana[2, 1, -1, 1, 1, -1, 0, 0, -1, 0, 0, 0, 0, 0]
banana[2, 1, -1, 1, 1, -1, 0, 0, 0, 0, 0, 0, 0, -1]
banana[2, 1, -1, 1, 1, -1, 0, 0, 0, 0, 0, 0, 0, 0]
banana[2, 1, -1, 1, 1, 0, -2, 0, 0, 0, 0, 0, 0, 0]
banana[2, 1, -1, 1, 1, 0, -1, -1, 0, 0, 0, 0, 0, 0]
banana[2, 1, -1, 1, 1, 0, -1, 0, -1, 0, 0, 0, 0, 0]
banana[2, 1, -1, 1, 1, 0, -1, 0, 0, 0, 0, 0, 0, -1]
banana[2, 1, -1, 1, 1, 0, -1, 0, 0, 0, 0, 0, 0, 0]
banana[2, 1, -1, 1, 1, 0, 0, -2, 0, 0, 0, 0, 0, 0]
banana[2, 1, -1, 1, 1, 0, 0, -1, -1, 0, 0, 0, 0, 0]
banana[2, 1, -1, 1, 1, 0, 0, -1, 0, 0, 0, 0, 0, -1]
banana[2, 1, -1, 1, 1, 0, 0, -1, 0, 0, 0, 0, 0, 0]
banana[2, 1, -1, 1, 1, 0, 0, 0, -2, 0, 0, 0, 0, 0]
banana[2, 1, -1, 1, 1, 0, 0, 0, -1, 0, 0, 0, 0, -1]
banana[2, 1, -1, 1, 1, 0, 0, 0, -1, 0, 0, 0, 0, 0]
banana[2, 1, -1, 1, 1, 0, 0, 0, 0, 0, 0, 0, 0, -2]
banana[2, 1, -1, 1, 1, 0, 0, 0, 0, 0, 0, 0, 0, -1]
banana[2, 1, -1, 1, 1, 0, 0, 0, 0, 0, 0, 0, 0, 0]
banana[2, 1, -1, 1, 1, 1, -2, 0, 0, 0, 0, 0, 0, 0]
banana[2, 1, -1, 1, 1, 1, -1, 0, 0, 0, 0, 0, 0, 0]
banana[2, 1, -1, 1, 1, 1, 0, 0, 0, 0, 0, 0, 0, 0]
banana[2, 1, 0, 1, 1, -3, 0, 0, 0, 0, 0, 0, 0, 0]
banana[2, 1, 0, 1, 1, -2, -1, 0, 0, 0, 0, 0, 0, 0]
banana[2, 1, 0, 1, 1, -2, 0, -1, 0, 0, 0, 0, 0, 0]
banana[2, 1, 0, 1, 1, -2, 0, 0, -1, 0, 0, 0, 0, 0]
banana[2, 1, 0, 1, 1, -2, 0, 0, 0, 0, 0, 0, 0, -1]
banana[2, 1, 0, 1, 1, -2, 0, 0, 0, 0, 0, 0, 0, 0]
banana[2, 1, 0, 1, 1, -1, -2, 0, 0, 0, 0, 0, 0, 0]
banana[2, 1, 0, 1, 1, -1, -1, -1, 0, 0, 0, 0, 0, 0]
banana[2, 1, 0, 1, 1, -1, -1, 0, -1, 0, 0, 0, 0, 0]
banana[2, 1, 0, 1, 1, -1, -1, 0, 0, 0, 0, 0, 0, -1]
banana[2, 1, 0, 1, 1, -1, -1, 0, 0, 0, 0, 0, 0, 0]
banana[2, 1, 0, 1, 1, -1, 0, -2, 0, 0, 0, 0, 0, 0]
banana[2, 1, 0, 1, 1, -1, 0, -1, -1, 0, 0, 0, 0, 0]
banana[2, 1, 0, 1, 1, -1, 0, -1, 0, 0, 0, 0, 0, -1]
banana[2, 1, 0, 1, 1, -1, 0, -1, 0, 0, 0, 0, 0, 0]
banana[2, 1, 0, 1, 1, -1, 0, 0, -2, 0, 0, 0, 0, 0]
banana[2, 1, 0, 1, 1, -1, 0, 0, -1, 0, 0, 0, 0, -1]
banana[2, 1, 0, 1, 1, -1, 0, 0, -1, 0, 0, 0, 0, 0]
banana[2, 1, 0, 1, 1, -1, 0, 0, 0, 0, 0, 0, 0, -2]
banana[2, 1, 0, 1, 1, -1, 0, 0, 0, 0, 0, 0, 0, -1]
banana[2, 1, 0, 1, 1, -1, 0, 0, 0, 0, 0, 0, 0, 0]
banana[2, 1, 0, 1, 1, 0, -3, 0, 0, 0, 0, 0, 0, 0]
banana[2, 1, 0, 1, 1, 0, -2, -1, 0, 0, 0, 0, 0, 0]
banana[2, 1, 0, 1, 1, 0, -2, 0, -1, 0, 0, 0, 0, 0]
banana[2, 1, 0, 1, 1, 0, -2, 0, 0, 0, 0, 0, 0, -1]
banana[2, 1, 0, 1, 1, 0, -2, 0, 0, 0, 0, 0, 0, 0]
banana[2, 1, 0, 1, 1, 0, -1, -2, 0, 0, 0, 0, 0, 0]
banana[2, 1, 0, 1, 1, 0, -1, -1, -1, 0, 0, 0, 0, 0]
banana[2, 1, 0, 1, 1, 0, -1, -1, 0, 0, 0, 0, 0, -1]
banana[2, 1, 0, 1, 1, 0, -1, -1, 0, 0, 0, 0, 0, 0]
banana[2, 1, 0, 1, 1, 0, -1, 0, -2, 0, 0, 0, 0, 0]
banana[2, 1, 0, 1, 1, 0, -1, 0, -1, 0, 0, 0, 0, -1]
banana[2, 1, 0, 1, 1, 0, -1, 0, -1, 0, 0, 0, 0, 0]
banana[2, 1, 0, 1, 1, 0, -1, 0, 0, 0, 0, 0, 0, -2]
banana[2, 1, 0, 1, 1, 0, -1, 0, 0, 0, 0, 0, 0, -1]
banana[2, 1, 0, 1, 1, 0, -1, 0, 0, 0, 0, 0, 0, 0]
banana[2, 1, 0, 1, 1, 0, 0, -3, 0, 0, 0, 0, 0, 0]
banana[2, 1, 0, 1, 1, 0, 0, -2, -1, 0, 0, 0, 0, 0]
banana[2, 1, 0, 1, 1, 0, 0, -2, 0, 0, 0, 0, 0, -1]
banana[2, 1, 0, 1, 1, 0, 0, -2, 0, 0, 0, 0, 0, 0]
banana[2, 1, 0, 1, 1, 0, 0, -1, -2, 0, 0, 0, 0, 0]
banana[2, 1, 0, 1, 1, 0, 0, -1, -1, 0, 0, 0, 0, -1]
banana[2, 1, 0, 1, 1, 0, 0, -1, -1, 0, 0, 0, 0, 0]
banana[2, 1, 0, 1, 1, 0, 0, -1, 0, 0, 0, 0, 0, -2]
banana[2, 1, 0, 1, 1, 0, 0, -1, 0, 0, 0, 0, 0, -1]
banana[2, 1, 0, 1, 1, 0, 0, -1, 0, 0, 0, 0, 0, 0]
banana[2, 1, 0, 1, 1, 0, 0, 0, -3, 0, 0, 0, 0, 0]
banana[2, 1, 0, 1, 1, 0, 0, 0, -2, 0, 0, 0, 0, -1]
banana[2, 1, 0, 1, 1, 0, 0, 0, -2, 0, 0, 0, 0, 0]
banana[2, 1, 0, 1, 1, 0, 0, 0, -1, 0, 0, 0, 0, -2]
banana[2, 1, 0, 1, 1, 0, 0, 0, -1, 0, 0, 0, 0, -1]
banana[2, 1, 0, 1, 1, 0, 0, 0, -1, 0, 0, 0, 0, 0]
banana[2, 1, 0, 1, 1, 0, 0, 0, 0, 0, 0, 0, 0, -3]
banana[2, 1, 0, 1, 1, 0, 0, 0, 0, 0, 0, 0, 0, -2]
banana[2, 1, 0, 1, 1, 0, 0, 0, 0, 0, 0, 0, 0, -1]
banana[2, 1, 0, 1, 1, 0, 0, 0, 0, 0, 0, 0, 0, 0]
banana[2, 1, 0, 1, 1, 1, -1, 0, 0, 0, 0, 0, 0, 0]
banana[2, 1, 0, 1, 1, 1, 0, 0, 0, 0, 0, 0, 0, 0]